0.0
0.06999999843537807
0.5199999883770943
0.7399999834597111
0.9499999787658453
2.1699999514967203
0.30999999307096004
0.5399999879300594
1.169999973848462
0.2199999950826168
1.0199999772012234
0.0
0.03999999910593033
0.20999999530613422
0.0
0.42999999038875103
0.6899999845772982
0.41999999061226845
0.0
0.6199999861419201
0.35999999195337296
0.9699999783188105
0.23999999463558197
0.3899999912828207
0.8199999816715717
0.6099999863654375
0.7799999825656414
0.789999982342124
0.8299999814480543
0.6599999852478504
1.959999956190586
1.2099999729543924
1.3099999707192183
0.9999999776482582
1.0899999756366014
2.0499999541789293
1.6899999622255564
0.12999999709427357
1.289999971166253
2.609999941661954
0.9699999783188105
1.81999995931983
0.909999979659915
1.4899999666959047
3.1999999284744263
1.1999999731779099
2.559999942779541
2.4699999447911978
0.9499999787658453
1.6899999622255564
2.8099999371916056
4.9399998895823956
1.9099999573081732
3.1199999302625656
3.6499999184161425
2.4499999452382326
0.9599999785423279
1.529999965801835
0.6999999843537807
3.4299999233335257
1.7999999597668648
3.519999921321869
1.7199999615550041
2.5699999425560236
3.1999999284744263
2.4799999445676804
1.7299999613314867
1.4899999666959047
2.5499999430030584
3.919999912381172
3.5599999204277992
0.9699999783188105
3.4099999237805605
4.309999903663993
1.4799999669194221
2.8299999367445707
4.549999898299575
0.9899999778717756
4.149999907240272
3.609999919310212
3.1399999298155308
4.0799999088048935
5.089999886229634
5.669999873265624
2.729999938979745
5.399999879300594
5.369999879971147
2.2599999494850636
13.259999703615904
5.309999881312251
0.9199999794363976
3.279999926686287
9.069999797269702
2.249999949708581
6.599999852478504
10.309999769553542
3.4999999217689037
14.4099996779114
3.399999924004078
12.50999972037971
5.9699998665601015
10.969999754801393
9.549999786540866
6.4499998558312654
4.129999907687306
9.559999786317348
9.399999789893627
8.809999803081155
18.23999959230423
17.339999612420797
2.6399999409914017
8.309999814257026
6.789999848231673
17.49999960884452
23.519999474287033
13.829999690875411
18.259999591857195
4.789999892935157
20.039999552071095
23.00999948568642
17.839999601244926
30.039999328553677
23.249999480322003
9.299999792128801
24.419999454170465
26.229999413713813
30.70999931357801
26.629999404773116
28.719999358057976
14.079999685287476
19.62999956123531
21.629999516531825
27.87999937683344
18.919999577105045
30.889999309554696
34.34999923221767
27.18999939225614
30.8299993108958
23.9399994648993
29.149999348446727
28.1899993699044
19.90999955497682
33.519999250769615
34.26999923400581
31.349999299272895
38.3499991428107
33.45999925211072
36.64999918080866
37.13999916985631
35.46999920718372
38.61999913677573
35.44999920763075
39.60999911464751
39.57999911531806
32.33999927714467
36.90999917499721
38.829999132081866
38.65999913588166
38.87999913096428
31.439999297261238
35.98999919556081
37.22999916784465
33.79999924451113
34.97999921813607
39.37999911978841
39.6699991133064
37.52999916113913
38.65999913588166
39.53999911621213
38.209999145939946
39.50999911688268
37.97999915108085
39.519999116659164
38.859999131411314
39.35999912023544
36.729999179020524
37.39999916404486
37.56999916024506
37.969999151304364
39.04999912716448
39.14999912492931
39.099999126046896
38.049999149516225
39.58999911509454
39.54999911598861
39.519999116659164
39.14999912492931
39.35999912023544
39.519999116659164
39.19999912381172
39.62999911420047
39.56999911554158
39.46999911777675
39.559999115765095
39.56999911554158
39.50999911688268
39.39999911934137
39.4999991171062
39.64999911375344
39.409999119117856
39.57999911531806
39.57999911531806
39.61999911442399
39.35999912023544
39.519999116659164
39.58999911509454
39.519999116659164
37.90999915264547
37.83999915421009
38.36999914236367
39.60999911464751
39.53999911621213
35.569999204948545
39.00999912805855
39.599999114871025
39.50999911688268
39.639999113976955
37.859999153763056
39.41999911889434
39.50999911688268
39.56999911554158
39.4999991171062
39.559999115765095
37.9499991517514
39.559999115765095
39.56999911554158
38.99999912828207
39.07999912649393
39.53999911621213
39.48999911732972
37.26999916695058
39.31999912112951
39.65999911352992
39.58999911509454
39.58999911509454
39.57999911531806
39.41999911889434
39.559999115765095
39.599999114871025
39.61999911442399
38.94999912939966
39.599999114871025
39.58999911509454
39.61999911442399
39.56999911554158
39.599999114871025
39.52999911643565
38.79999913275242
39.58999911509454
39.559999115765095
39.599999114871025
39.53999911621213
39.57999911531806
39.48999911732972
39.4999991171062
39.45999911800027
39.58999911509454
39.58999911509454
39.479999117553234
39.48999911732972
39.62999911420047
39.4999991171062
39.61999911442399
39.62999911420047
39.62999911420047
39.62999911420047
39.58999911509454
39.249999122694135
39.58999911509454
39.449999118223786
39.62999911420047
39.53999911621213
39.599999114871025
39.559999115765095
39.639999113976955
39.65999911352992
39.62999911420047
39.45999911800027
39.17999912425876
39.33999912068248
38.59999913722277
39.599999114871025
39.50999911688268
39.439999118447304
39.54999911598861
39.479999117553234
39.62999911420047
39.559999115765095
39.33999912068248
39.249999122694135
39.61999911442399
34.06999923847616
36.75999917834997
39.129999125376344
39.41999911889434
39.479999117553234
38.819999132305384
38.829999132081866
39.30999912135303
38.59999913722277
39.02999912761152
39.06999912671745
38.509999139234424
39.209999123588204
39.439999118447304
38.6399991363287
39.6699991133064
39.479999117553234
39.449999118223786
39.11999912559986
39.50999911688268
39.56999911554158
39.639999113976955
39.58999911509454
39.17999912425876
39.479999117553234
39.58999911509454
38.52999913878739
39.61999911442399
39.46999911777675
39.08999912627041
39.57999911531806
38.22999914549291
39.08999912627041
39.249999122694135
39.639999113976955
38.06999914906919
34.96999921835959
36.40999918617308
39.139999125152826
39.57999911531806
38.29999914392829
39.099999126046896
39.46999911777675
39.329999120905995
37.739999156445265
38.669999135658145
38.83999913185835
39.57999911531806
39.61999911442399
39.62999911420047
38.169999146834016
39.409999119117856
39.639999113976955
39.639999113976955
38.169999146834016
39.04999912716448
37.76999915577471
36.23999918997288
38.71999913454056
37.309999166056514
36.97999917343259
39.129999125376344
38.73999913409352
38.77999913319945
33.91999924182892
37.22999916784465
39.41999911889434
36.269999189302325
36.58999918214977
39.48999911732972
39.25999912247062
37.349999165162444
38.07999914884567
38.37999914214015
39.129999125376344
38.77999913319945
39.48999911732972
37.619999159127474
34.18999923579395
38.089999148622155
38.37999914214015
38.77999913319945
38.8099991325289
38.1199991479516
39.6699991133064
35.27999921143055
39.17999912425876
38.56999913789332
39.50999911688268
38.709999134764075
39.00999912805855
39.45999911800027
37.619999159127474
39.54999911598861
38.749999133870006
39.04999912716448
34.96999921835959
38.36999914236367
36.71999917924404
37.87999915331602
39.61999911442399
38.669999135658145
39.52999911643565
39.559999115765095
39.06999912671745
36.27999918907881
38.1799991466105
37.4899991620332
39.29999912157655
39.249999122694135
39.54999911598861
38.829999132081866
39.08999912627041
39.50999911688268
36.1699991915375
39.50999911688268
39.599999114871025
39.42999911867082
39.48999911732972
39.409999119117856
39.61999911442399
39.559999115765095
39.06999912671745
36.73999917879701
37.659999158233404
39.14999912492931
39.54999911598861
38.68999913521111
39.48999911732972
39.42999911867082
26.389999410137534
39.10999912582338
36.29999918863177
37.98999915085733
39.519999116659164
39.4999991171062
39.58999911509454
38.829999132081866
39.07999912649393
39.559999115765095
36.86999917589128
39.60999911464751
39.58999911509454
39.56999911554158
39.34999912045896
39.38999911956489
39.38999911956489
39.4999991171062
39.559999115765095
38.199999146163464
39.48999911732972
39.329999120905995
39.639999113976955
38.90999913029373
39.31999912112951
39.56999911554158
39.479999117553234
39.62999911420047
39.37999911978841
38.749999133870006
39.60999911464751
39.56999911554158
38.52999913878739
38.91999913007021
39.519999116659164
39.58999911509454
38.91999913007021
39.559999115765095
39.22999912314117
38.859999131411314
39.559999115765095
39.29999912157655
32.669999269768596
38.049999149516225
38.279999144375324
38.33999914303422
38.089999148622155
38.53999913856387
39.56999911554158
38.07999914884567
38.90999913029373
36.999999172985554
39.519999116659164
35.88999919779599
39.60999911464751
36.89999917522073
39.50999911688268
37.09999917075038
35.459999207407236
35.97999919578433
35.80999919958413
38.24999914504588
36.98999917320907
36.20999919064343
38.71999913454056
39.129999125376344
38.41999914124608
39.46999911777675
39.42999911867082
33.72999924607575
39.65999911352992
39.11999912559986
39.38999911956489
39.34999912045896
38.49999913945794
37.39999916404486
38.61999913677573
29.229999346658587
33.19999925792217
29.929999331012368
35.799999199807644
35.19999921321869
33.019999261945486
39.30999912135303
30.119999326765537
39.50999911688268
38.84999913163483
38.439999140799046
39.169999124482274
38.60999913699925
39.37999911978841
39.00999912805855
39.02999912761152
39.39999911934137
39.33999912068248
39.479999117553234
38.359999142587185
39.62999911420047
36.50999918393791
39.50999911688268
38.99999912828207
39.169999124482274
39.41999911889434
35.609999204054475
39.06999912671745
39.2699991222471
39.409999119117856
39.2699991222471
39.409999119117856
35.799999199807644
37.21999916806817
39.039999127388
39.41999911889434
37.899999152868986
39.479999117553234
36.98999917320907
38.05999914929271
39.27999912202358
39.02999912761152
39.50999911688268
39.50999911688268
39.25999912247062
39.369999120011926
39.61999911442399
39.65999911352992
38.03999914973974
38.71999913454056
39.11999912559986
39.18999912403524
36.91999917477369
39.139999125152826
36.039999194443226
39.18999912403524
37.99999915063381
37.9499991517514
38.07999914884567
38.10999914817512
39.38999911956489
39.48999911732972
37.55999916046858
36.379999186843634
39.25999912247062
37.2599991671741
39.45999911800027
39.39999911934137
38.279999144375324
36.78999917767942
39.559999115765095
39.50999911688268
36.58999918214977
39.58999911509454
39.08999912627041
39.37999911978841
39.33999912068248
39.64999911375344
39.519999116659164
39.64999911375344
35.65999920293689
38.8699991311878
38.71999913454056
39.65999911352992
37.629999158903956
39.04999912716448
39.61999911442399
39.65999911352992
39.53999911621213
39.519999116659164
39.22999912314117
39.08999912627041
39.599999114871025
39.57999911531806
36.969999173656106
37.43999916315079
36.46999918483198
39.639999113976955
39.289999121800065
39.62999911420047
39.56999911554158
39.54999911598861
39.559999115765095
39.679999113082886
39.519999116659164
39.21999912336469
35.029999217018485
39.54999911598861
37.53999916091561
39.519999116659164
30.58999931626022
39.45999911800027
38.73999913409352
39.60999911464751
37.8899991530925
39.18999912403524
39.02999912761152
39.559999115765095
39.41999911889434
39.39999911934137
39.60999911464751
39.479999117553234
39.42999911867082
39.29999912157655
39.2699991222471
39.53999911621213
39.599999114871025
38.10999914817512
37.64999915845692
38.38999914191663
35.879999198019505
36.769999178126454
36.81999917700887
38.53999913856387
38.829999132081866
35.999999195337296
38.26999914459884
36.94999917410314
39.4999991171062
39.599999114871025
36.6299991812557
37.56999916024506
39.599999114871025
36.419999185949564
38.479999139904976
37.309999166056514
35.2499992121011
37.63999915868044
36.98999917320907
39.18999912403524
39.10999912582338
38.48999913968146
36.77999917790294
39.64999911375344
38.899999130517244
36.25999918952584
39.60999911464751
30.01999932900071
39.50999911688268
39.519999116659164
37.41999916359782
39.02999912761152
35.66999920271337
37.29999916628003
39.65999911352992
37.75999915599823
36.05999919399619
39.57999911531806
32.44999927468598
39.61999911442399
39.559999115765095
39.15999912470579
39.559999115765095
32.21999927982688
39.08999912627041
38.36999914236367
38.44999914057553
38.509999139234424
38.089999148622155
39.21999912336469
39.06999912671745
39.64999911375344
39.289999121800065
39.599999114871025
37.76999915577471
37.8899991530925
35.9399991966784
38.8099991325289
39.289999121800065
37.53999916091561
39.4999991171062
39.34999912045896
37.899999152868986
38.90999913029373
39.60999911464751
39.209999123588204
39.639999113976955
39.06999912671745
38.94999912939966
39.54999911598861
38.32999914325774
38.91999913007021
39.56999911554158
39.2699991222471
39.4999991171062
39.15999912470579
39.599999114871025
39.679999113082886
39.519999116659164
39.60999911464751
38.829999132081866
38.52999913878739
39.39999911934137
39.33999912068248
38.88999913074076
38.5799991376698
39.479999117553234
39.64999911375344
34.69999922439456
35.69999920204282
36.89999917522073
38.41999914124608
38.55999913811684
39.21999912336469
39.18999912403524
37.659999158233404
39.639999113976955
39.61999911442399
39.209999123588204
39.289999121800065
38.6399991363287
39.369999120011926
39.60999911464751
38.789999132975936
38.99999912828207
39.61999911442399
39.479999117553234
38.84999913163483
38.77999913319945
39.62999911420047
38.3499991428107
38.549999138340354
38.939999129623175
39.18999912403524
39.289999121800065
39.54999911598861
39.46999911777675
39.52999911643565
39.48999911732972
35.219999212771654
35.44999920763075
39.559999115765095
39.64999911375344
39.4999991171062
39.29999912157655
33.56999924965203
39.60999911464751
39.38999911956489
39.50999911688268
38.61999913677573
38.03999914973974
36.60999918170273
37.0899991709739
38.1199991479516
38.91999913007021
35.40999920852482
39.099999126046896
39.56999911554158
37.429999163374305
39.27999912202358
37.0899991709739
38.68999913521111
38.87999913096428
37.67999915778637
37.83999915421009
39.10999912582338
36.86999917589128
36.389999186620116
36.02999919466674
36.81999917700887
38.1199991479516
37.8899991530925
37.659999158233404
39.53999911621213
38.91999913007021
35.62999920360744
38.55999913811684
36.11999919265509
39.61999911442399
39.2699991222471
38.76999913342297
39.17999912425876
39.50999911688268
38.65999913588166
39.4999991171062
37.7199991568923
39.54999911598861
38.939999129623175
37.389999164268374
38.44999914057553
38.99999912828207
39.46999911777675
39.519999116659164
38.479999139904976
39.449999118223786
39.54999911598861
39.54999911598861
39.00999912805855
36.849999176338315
39.50999911688268
39.42999911867082
39.559999115765095
38.24999914504588
37.63999915868044
38.32999914325774
39.479999117553234
39.58999911509454
39.479999117553234
39.19999912381172
38.589999137446284
36.09999919310212
39.52999911643565
39.37999911978841
39.07999912649393
39.519999116659164
36.89999917522073
39.169999124482274
39.25999912247062
37.84999915398657
38.30999914370477
38.6399991363287
39.599999114871025
38.91999913007021
39.31999912112951
38.84999913163483
37.64999915845692
39.329999120905995
38.3499991428107
37.09999917075038
37.09999917075038
39.18999912403524
38.359999142587185
39.29999912157655
35.81999919936061
31.399999298155308
39.52999911643565
38.129999147728086
38.52999913878739
39.64999911375344
39.52999911643565
38.49999913945794
37.86999915353954
37.52999916113913
38.509999139234424
39.329999120905995
39.37999911978841
38.479999139904976
39.25999912247062
37.43999916315079
39.48999911732972
38.76999913342297
38.129999147728086
37.70999915711582
39.289999121800065
35.759999200701714
39.62999911420047
39.46999911777675
31.469999296590686
38.30999914370477
39.48999911732972
31.499999295920134
31.469999296590686
38.03999914973974
38.24999914504588
33.479999251663685
37.37999916449189
38.55999913811684
34.16999923624098
36.73999917879701
37.79999915510416
39.54999911598861
33.33999925479293
36.32999918796122
38.169999146834016
34.58999922685325
39.249999122694135
39.46999911777675
37.13999916985631
39.6699991133064
38.6399991363287
39.57999911531806
39.64999911375344
35.029999217018485
39.41999911889434
39.6699991133064
38.749999133870006
39.519999116659164
39.65999911352992
39.059999126940966
37.93999915197492
39.439999118447304
39.41999911889434
39.64999911375344
38.69999913498759
39.10999912582338
39.23999912291765
38.509999139234424
38.519999139010906
39.559999115765095
39.31999912112951
38.72999913431704
39.02999912761152
38.26999914459884
34.7899992223829
37.7199991568923
38.6399991363287
37.84999915398657
38.789999132975936
39.52999911643565
38.829999132081866
39.27999912202358
31.239999301731586
38.46999914012849
38.48999913968146
36.35999918729067
38.09999914839864
39.599999114871025
37.13999916985631
38.44999914057553
39.45999911800027
37.969999151304364
35.999999195337296
36.689999179914594
39.11999912559986
39.64999911375344
39.42999911867082
39.37999911978841
39.35999912023544
39.559999115765095
39.62999911420047
39.57999911531806
39.41999911889434
39.599999114871025
39.289999121800065
39.33999912068248
39.60999911464751
39.52999911643565
38.87999913096428
38.99999912828207
39.409999119117856
36.309999188408256
37.63999915868044
38.8699991311878
37.74999915622175
39.60999911464751
39.42999911867082
39.209999123588204
39.46999911777675
36.66999918036163
39.41999911889434
38.479999139904976
39.10999912582338
38.38999914191663
39.42999911867082
38.88999913074076
39.599999114871025
39.129999125376344
39.599999114871025
39.35999912023544
39.61999911442399
39.639999113976955
38.49999913945794
37.70999915711582
39.56999911554158
38.22999914549291
39.33999912068248
39.58999911509454
39.57999911531806
39.02999912761152
39.519999116659164
39.11999912559986
39.289999121800065
37.75999915599823
39.39999911934137
39.52999911643565
39.69999911263585
38.37999914214015
39.6699991133064
39.42999911867082
39.099999126046896
38.76999913342297
38.48999913968146
39.599999114871025
39.08999912627041
39.61999911442399
39.639999113976955
39.559999115765095
39.169999124482274
39.53999911621213
39.33999912068248
39.60999911464751
39.559999115765095
